structure(list(V1 = structure(c(100L, 1L, 12L, 23L, 34L, 45L, 
56L, 67L, 78L, 89L, 2L, 3L, 4L, 5L, 6L, 7L, 8L, 9L, 10L, 11L, 
13L, 14L, 15L, 16L, 17L, 18L, 19L, 20L, 21L, 22L, 24L, 25L, 26L, 
27L, 28L, 29L, 30L, 31L, 32L, 33L, 35L, 36L, 37L, 38L, 39L, 40L, 
41L, 42L, 43L, 44L, 46L, 47L, 48L, 49L, 50L, 51L, 52L, 53L, 54L, 
55L, 57L, 58L, 59L, 60L, 61L, 62L, 63L, 64L, 65L, 66L, 68L, 69L, 
70L, 71L, 72L, 73L, 74L, 75L, 76L, 77L, 79L, 80L, 81L, 82L, 83L, 
84L, 85L, 86L, 87L, 88L, 90L, 91L, 92L, 93L, 94L, 95L, 96L, 97L, 
98L, 99L), .Label = c("1", "10", "11", "12", "13", "14", "15", 
"16", "17", "18", "19", "2", "20", "21", "22", "23", "24", "25", 
"26", "27", "28", "29", "3", "30", "31", "32", "33", "34", "35", 
"36", "37", "38", "39", "4", "40", "41", "42", "43", "44", "45", 
"46", "47", "48", "49", "5", "50", "51", "52", "53", "54", "55", 
"56", "57", "58", "59", "6", "60", "61", "62", "63", "64", "65", 
"66", "67", "68", "69", "7", "70", "71", "72", "73", "74", "75", 
"76", "77", "78", "79", "8", "80", "81", "82", "83", "84", "85", 
"86", "87", "88", "89", "9", "90", "91", "92", "93", "94", "95", 
"96", "97", "98", "99", "Index"), class = "factor"), V2 = structure(c(10L, 
5L, 6L, 7L, 8L, 9L, 4L, 63L, 54L, 53L, 68L, 70L, 71L, 69L, 30L, 
29L, 28L, 27L, 23L, 24L, 25L, 22L, 17L, 18L, 19L, 20L, 21L, 16L, 
14L, 15L, 13L, 12L, 40L, 38L, 39L, 37L, 36L, 35L, 34L, 31L, 32L, 
33L, 26L, 11L, 76L, 77L, 78L, 72L, 73L, 74L, 75L, 51L, 52L, 64L, 
65L, 66L, 67L, 1L, 2L, 3L, 49L, 50L, 48L, 47L, 43L, 44L, 45L, 
46L, 41L, 42L, 60L, 61L, 62L, 55L, 56L, 57L, 58L, 59L, 79L, 90L, 
94L, 95L, 96L, 97L, 98L, 99L, 100L, 80L, 81L, 82L, 83L, 84L, 
85L, 86L, 87L, 88L, 89L, 91L, 92L, 93L), .Label = c("CBLB_exon_10_1", 
"CBLB_exon_10_2", "CBLB_exon_9_1", "CSF3R_exon_14_15_16_3", "CSF3R_exon_17_1", 
"CSF3R_exon_17_2", "CSF3R_exon_17_3", "CSF3R_exon_17_4", "CSF3R_exon_17_5_ms", 
"Description", "DNMT3A_CDS_1_1", "DNMT3A_CDS_10_1", "DNMT3A_CDS_11_1", 
"DNMT3A_CDS_12_13_1", "DNMT3A_CDS_12_13_2", "DNMT3A_CDS_14_1", 
"DNMT3A_CDS_15_16_17_1", "DNMT3A_CDS_15_16_17_2", "DNMT3A_CDS_15_16_17_3", 
"DNMT3A_CDS_15_16_17_4", "DNMT3A_CDS_15_16_17_5", "DNMT3A_CDS_18_1", 
"DNMT3A_CDS_19_20_1", "DNMT3A_CDS_19_20_2", "DNMT3A_CDS_19_20_3", 
"DNMT3A_CDS_2_1", "DNMT3A_CDS_21_1", "DNMT3A_CDS_22_1", "DNMT3A_CDS_23_1", 
"DNMT3A_CDS_24_1", "DNMT3A_CDS_3_1", "DNMT3A_CDS_3_2", "DNMT3A_CDS_3_3", 
"DNMT3A_CDS_4_1", "DNMT3A_CDS_5_1", "DNMT3A_CDS_6_1", "DNMT3A_CDS_7_1", 
"DNMT3A_CDS_8_1", "DNMT3A_CDS_8_2", "DNMT3A_CDS_9_1", "GATA2_exon_2_1", 
"GATA2_exon_2_2", "GATA2_exon_3_1", "GATA2_exon_3_2", "GATA2_exon_3_3", 
"GATA2_exon_3_4", "GATA2_exon_4_1", "GATA2_exon_5_1", "GATA2_exon_6_1", 
"GATA2_exon_6_2", "IDH1_exon_4_1", "IDH1_exon_4_2", "JAK1_9_1_ms", 
"JAK1_exon13_1_ms", "KIT_exon_10_11_1", "KIT_exon_10_11_2", "KIT_exon_10_11_3", 
"KIT_exon_13_1", "KIT_exon_17_1", "KIT_exon_8_1", "KIT_exon_9_1", 
"KIT_exon_9_2", "MPL_exon_10_1", "MYD88_exon_3_4_1", "MYD88_exon_3_4_2", 
"MYD88_exon_3_4_3", "MYD88_exon_5_1", "NRAS_codon_146_1_ms_re_d", 
"NRAS_exon_2_1", "NRAS_exon_3_1", "NRAS_exon_3_2", "SF3B1_exon_13_14_1", 
"SF3B1_exon_13_14_2", "SF3B1_exon_13_14_3", "SF3B1_exon_13_14_4", 
"SF3B1_exon_15_16_1", "SF3B1_exon_15_16_2", "SF3B1_exon_15_16_3", 
"TET2_exon_3_1", "TET2_exon_3_10", "TET2_exon_3_11", "TET2_exon_3_12", 
"TET2_exon_3_13", "TET2_exon_3_14", "TET2_exon_3_15", "TET2_exon_3_16", 
"TET2_exon_3_17", "TET2_exon_3_18", "TET2_exon_3_19", "TET2_exon_3_2", 
"TET2_exon_3_20", "TET2_exon_3_21", "TET2_exon_3_22", "TET2_exon_3_3", 
"TET2_exon_3_4", "TET2_exon_3_5", "TET2_exon_3_6", "TET2_exon_3_7", 
"TET2_exon_3_8", "TET2_exon_3_9"), class = "factor"), V3 = structure(c(1L, 
2L, 2L, 2L, 2L, 2L, 2L, 2L, 2L, 2L, 2L, 2L, 2L, 2L, 3L, 3L, 3L, 
3L, 3L, 3L, 3L, 3L, 3L, 3L, 3L, 3L, 3L, 3L, 3L, 3L, 3L, 3L, 3L, 
3L, 3L, 3L, 3L, 3L, 3L, 3L, 3L, 3L, 3L, 3L, 3L, 3L, 3L, 3L, 3L, 
3L, 3L, 3L, 3L, 4L, 4L, 4L, 4L, 4L, 4L, 4L, 4L, 4L, 4L, 4L, 4L, 
4L, 4L, 4L, 4L, 4L, 5L, 5L, 5L, 5L, 5L, 5L, 5L, 5L, 5L, 5L, 5L, 
5L, 5L, 5L, 5L, 5L, 5L, 5L, 5L, 5L, 5L, 5L, 5L, 5L, 5L, 5L, 5L, 
5L, 5L, 5L), .Label = c("Chr", "chr1", "chr2", "chr3", "chr4"
), class = "factor"), V4 = structure(c(100L, 79L, 80L, 81L, 82L, 
83L, 84L, 89L, 98L, 99L, 26L, 27L, 28L, 29L, 49L, 50L, 51L, 52L, 
53L, 54L, 55L, 56L, 57L, 58L, 59L, 60L, 61L, 62L, 63L, 64L, 65L, 
66L, 67L, 68L, 69L, 70L, 71L, 72L, 73L, 74L, 75L, 76L, 77L, 78L, 
40L, 41L, 42L, 43L, 44L, 45L, 46L, 47L, 48L, 85L, 86L, 87L, 88L, 
1L, 2L, 3L, 30L, 31L, 32L, 33L, 34L, 35L, 36L, 37L, 38L, 39L, 
90L, 91L, 92L, 93L, 94L, 95L, 96L, 97L, 4L, 5L, 6L, 7L, 8L, 9L, 
10L, 11L, 12L, 13L, 14L, 15L, 16L, 17L, 18L, 19L, 20L, 21L, 22L, 
23L, 24L, 25L), .Label = c("105438879", "105439038", "105452776", 
"106155047", "106155188", "106155324", "106155483", "106155634", 
"106155783", "106155902", "106156068", "106156212", "106156383", 
"106156516", "106156648", "106156839", "106156998", "106157122", 
"106157302", "106157445", "106157596", "106157751", "106157861", 
"106158047", "106158199", "115252144", "115256402", "115256503", 
"115258639", "128199822", "128199957", "128200581", "128202656", 
"128204553", "128204701", "128204869", "128205005", "128205629", 
"128205744", "198266444", "198266612", "198266718", "198267239", 
"198267405", "198267560", "198267707", "209113045", "209113232", 
"25457135", "25458535", "25459690", "25461948", "25463137", "25463300", 
"25463423", "25464389", "25466737", "25466883", "25467052", "25467196", 
"25467331", "25468019", "25468842", "25469036", "25469480", "25469867", 
"25470459", "25470904", "25470950", "25472507", "25474911", "25497766", 
"25498280", "25505252", "25505370", "25505552", "25522948", "25536730", 
"36931653", "36931955", "36932120", "36932297", "36932340", "36933375", 
"38181865", "38181999", "38182220", "38182601", "43814932", "55589721", 
"55592018", "55592151", "55593362", "55593483", "55593621", "55594090", 
"55599226", "65312238", "65323310", "Chr Position Start"), class = "factor"), 
    V5 = structure(c(100L, 79L, 80L, 81L, 82L, 83L, 84L, 89L, 
    98L, 99L, 26L, 27L, 28L, 29L, 49L, 50L, 51L, 52L, 53L, 54L, 
    55L, 56L, 57L, 58L, 59L, 60L, 61L, 62L, 63L, 64L, 65L, 66L, 
    67L, 68L, 69L, 70L, 71L, 72L, 73L, 74L, 75L, 76L, 77L, 78L, 
    40L, 41L, 42L, 43L, 44L, 45L, 46L, 47L, 48L, 85L, 86L, 87L, 
    88L, 1L, 2L, 3L, 30L, 31L, 32L, 33L, 34L, 35L, 36L, 37L, 
    38L, 39L, 90L, 91L, 92L, 93L, 94L, 95L, 96L, 97L, 4L, 5L, 
    6L, 7L, 8L, 9L, 10L, 11L, 12L, 13L, 14L, 15L, 16L, 17L, 18L, 
    19L, 20L, 21L, 22L, 23L, 24L, 25L), .Label = c("105439081", 
    "105439247", "105452986", "106155240", "106155371", "106155507", 
    "106155653", "106155804", "106155991", "106156111", "106156271", 
    "106156408", "106156576", "106156713", "106156853", "106157048", 
    "106157187", "106157304", "106157505", "106157633", "106157755", 
    "106157935", "106158059", "106158206", "106158376", "115252305", 
    "115256590", "115256706", "115258802", "128200016", "128200162", 
    "128200794", "128202856", "128204758", "128204889", "128205062", 
    "128205218", "128205811", "128205925", "198266643", "198266771", 
    "198266878", "198267445", "198267597", "198267741", "198267866", 
    "209113245", "209113434", "25457296", "25458728", "25459880", 
    "25462115", "25463347", "25463491", "25463606", "25464598", 
    "25466932", "25467095", "25467261", "25467371", "25467536", 
    "25468205", "25469047", "25469206", "25469693", "25470056", 
    "25470641", "25471079", "25471151", "25472710", "25475122", 
    "25497963", "25498448", "25505465", "25505576", "25505750", 
    "25523154", "25536908", "36931853", "36932154", "36932319", 
    "36932463", "36932511", "36933584", "38182053", "38182200", 
    "38182420", "38182806", "43815112", "55589892", "55592176", 
    "55592325", "55593562", "55593689", "55593814", "55594298", 
    "55599383", "65312436", "65323511", "Chr Position End"), class = "factor"),